geneID	geneName	baseMean	log2FoldChange	lfcSE	stat	pvalue	padj
ENSG00000132604	TERF2	510.898540730913	-1.16165183593646	0.12923372820038	-8.98876672609252	2.50020068560658e-19	8.65319457288437e-16
ENSG00000116761	CTH	5934.13173977276	0.601632662649702	0.0768987520633372	7.8236986492859	5.12935118300513e-15	1.18351229629205e-11
ENSG00000112893	MAN2A1	6334.95771978356	0.475556053941023	0.0676704161398118	7.02753257728592	2.10217738050128e-12	2.91025436556597e-09
ENSG00000197747	S100A10	800.79880537121	-0.88061543462473	0.128801089299563	-6.83701853310114	8.08582843036524e-12	9.32835073249804e-09
ENSG00000101928	MOSPD1	1554.55687934265	0.536840924912957	0.0791209838242754	6.78506382207354	1.16035204249186e-11	1.23568566740441e-08
ENSG00000137492	THAP12	2712.74368194111	-0.541177815850706	0.0830888666468799	-6.51324103565719	7.35463492462322e-11	7.27268327832028e-08
ENSG00000079134	THOC1	2156.40987825264	-0.486501362503964	0.0752618869180799	-6.4641132773286	1.01894523910688e-10	9.40418526013042e-08
ENSG00000185838	GNB1L	355.712299344815	-0.818685614443871	0.127511938208697	-6.42046247547378	1.35860958332732e-10	1.17553694197396e-07
ENSG00000101216	GMEB2	781.83079477503	0.715473426053395	0.11301550635619	6.3307545054786	2.43965244582095e-10	1.98673814470266e-07
ENSG00000103335	PIEZO1	26624.9342733256	-0.325716216639645	0.0516929694129305	-6.30097710266515	2.95775090657715e-10	2.27483908614745e-07
ENSG00000068724	TTC7A	1821.00845692946	-0.311288777613614	0.0505048173853313	-6.16354624626412	7.11335909642486e-10	5.18301807004767e-07
ENSG00000165684	SNAPC4	2032.85764585482	0.370085522228176	0.0620446316175167	5.96482745694459	2.44892682128134e-09	1.54104285971904e-06
ENSG00000022567	SLC45A4	2616.56096239205	-0.397260032624105	0.0683592115314948	-5.81136065972729	6.19670993787531e-09	3.57446884916441e-06
ENSG00000105323	HNRNPUL1	4365.81645395138	-0.271334508495994	0.0473439398381886	-5.73113495461841	9.97608525921084e-09	5.34208720721548e-06
ENSG00000003436	TFPI	6583.73294609164	0.500893860122159	0.0886866638475121	5.64790508957915	1.62414795271041e-08	8.32766824345291e-06
ENSG00000142949	PTPRF	5168.65355491549	0.411541057552966	0.0731278025307684	5.62769621553733	1.82632360722047e-08	8.71849104081384e-06
ENSG00000167291	TBC1D16	1739.5884799708	0.504897685268445	0.092463170225011	5.46052751641292	4.74721902450613e-08	2.19068333917543e-05
ENSG00000127980	PEX1	2314.22178887448	0.354011757881953	0.0666745212577249	5.30955080297539	1.09895748900496e-07	4.75436483680772e-05
ENSG00000123352	SPATS2	3266.93290653807	0.405495082320838	0.0775147476441984	5.23119915428361	1.68413947456618e-07	7.0652202684528e-05
ENSG00000173757	STAT5B	5770.43864315802	0.339587386845733	0.0654481263526047	5.1886494812119	2.11824687548071e-07	8.37857421261569e-05
ENSG00000167107	ACSF2	1897.28043949193	0.351367842893575	0.06764909360682	5.19397709798955	2.05848474704599e-07	8.37857421261569e-05
ENSG00000063046	EIF4B	60455.3406566875	0.295733378540757	0.0572206552988301	5.16829765399075	2.36235865899974e-07	8.8471265555772e-05
ENSG00000150995	ITPR1	18715.3599464809	-0.529297146321005	0.102611231531798	-5.15827691003769	2.49232834200745e-07	8.8471265555772e-05
ENSG00000181704	YIPF6	3828.86380922849	0.425059604347441	0.0823192354055777	5.16355141363036	2.42307986929323e-07	8.8471265555772e-05
ENSG00000181856	SLC2A4	920.934459809694	0.443036828095244	0.0867593327701107	5.10650340372227	3.28174702036396e-07	0.000110810989633948
ENSG00000126561	STAT5A	2543.89024637591	0.322460445612075	0.0638329957334912	5.05162638705502	4.38063924553016e-07	0.000141036208639813
ENSG00000169908	TM4SF1	70671.0072771199	0.613169765723667	0.121634653658071	5.04107791063685	4.62916939238609e-07	0.000144608884009487
ENSG00000110002	VWA5A	790.876002990819	0.42342754816987	0.0845212992661296	5.00971414124429	5.45109422743575e-07	0.000160563720180044
ENSG00000013561	RNF14	1344.9730997156	0.459074422569107	0.0919069383655753	4.99499200749198	5.88382041156272e-07	0.000169699187036822
ENSG00000132640	BTBD3	8233.39829544037	-0.347322688087807	0.0697599396306836	-4.97882724564514	6.39707090852671e-07	0.000177122099315287
ENSG00000067177	PHKA1	2152.40467306905	0.364784308608841	0.0735706265489468	4.95828737255825	7.11173154091464e-07	0.000189336175870043
ENSG00000170385	SLC30A1	5056.43271430436	-0.399730625451279	0.080900779148514	-4.94099846328391	7.77235210973611e-07	0.000203019703032428
ENSG00000111358	GTF2H3	1635.73265008997	0.415031303286169	0.0843859564934214	4.9182508622572	8.73209617857159e-07	0.000223865073141009
ENSG00000171161	ZNF672	1475.65891801715	-0.409380847503191	0.0835397683834084	-4.90043072210022	9.56267740247526e-07	0.000239306658921064
ENSG00000103175	WFDC1	5306.18086999805	0.561397553816614	0.11469845432586	4.89455204184075	9.8529901462732e-07	0.000239306658921064
ENSG00000175066	GK5	2463.34894348041	0.341195262142227	0.0696931491361151	4.89567864806698	9.79670457797804e-07	0.000239306658921064
ENSG00000265190	ANXA8	747.136902029133	-0.416470682514349	0.0856313759664797	-4.86352902559193	1.15311106831501e-06	0.000261699502127099
ENSG00000099812	MISP	1686.04450428757	-0.474643652801853	0.0975905537983755	-4.86362290537339	1.15256401368431e-06	0.000261699502127099
ENSG00000121644	DESI2	2291.71504912744	0.298507647184412	0.0621743963613987	4.80113462540574	1.57769155876549e-06	0.000352283257089507
ENSG00000276045	ORAI1	364.155428372831	-0.77245757637996	0.161441415672798	-4.7847547245593	1.71196260895167e-06	0.000376196989814714
ENSG00000170144	HNRNPA3	4874.0479108558	-0.351724843902424	0.0743847564588559	-4.72845325637346	2.26236695002284e-06	0.00048184935470948
ENSG00000139508	SLC46A3	303.610877289517	0.583611117427034	0.123590809790932	4.72212390560656	2.33394413558426e-06	0.000489562463833765
ENSG00000104231	ZFAND1	1870.27618785167	0.349807470934881	0.0744446256677194	4.69889488727141	2.61573028083378e-06	0.000517316714398041
ENSG00000005007	UPF1	6156.38352310865	-0.291080569539504	0.0624437720131634	-4.66148280533314	3.13939300354236e-06	0.000603322630647586
ENSG00000123552	USP45	861.192832012704	0.399799751934704	0.0861919862335458	4.63847939240438	3.50981923523775e-06	0.000656620776927451
ENSG00000182484	WASH6P	1357.51313404276	-0.405008577012014	0.0877904640740567	-4.61335500710378	3.96220694968281e-06	0.000731370573485452
ENSG00000167193	CRK	3187.63008661244	-0.357015069634643	0.0778938821971049	-4.58335185722599	4.57581101509296e-06	0.000833520101222986
ENSG00000168333	C8orf22	971.408903837312	0.541715168314424	0.118520779914325	4.570634522537	4.86249665965044e-06	0.000852106376660768
ENSG00000198176	TFDP1	3194.85374331159	-0.373930966078153	0.0831456105336685	-4.49730254764003	6.88210238588868e-06	0.00117624475839806
ENSG00000119508	NR4A3	1063.29625674981	-0.406594773445505	0.0906709919060444	-4.48428725547448	7.31580542149972e-06	0.00123452188573745
ENSG00000113328	CCNG1	6529.65016353739	0.325042073782078	0.0726287425505943	4.47539173014938	7.62713419823243e-06	0.00124223583341564
ENSG00000102312	PORCN	402.584543196154	0.604891901288841	0.136165215608313	4.44233792445822	8.89866586241137e-06	0.00141601299079567
ENSG00000151229	SLC2A13	5948.04681001788	0.358775703915838	0.0809336122298365	4.43296294371468	9.29468458480709e-06	0.00146222287945533
ENSG00000085276	MECOM	1084.09564111464	-0.446867646301155	0.100917031199852	-4.42806968247209	9.50801866592354e-06	0.00147897764506793
ENSG00000181264	TMEM136	872.831450178433	0.436735252352163	0.0988367147343713	4.41875525229578	9.92709882933033e-06	0.00152344598634567
ENSG00000080986	NDC80	1989.16281522752	-0.32075040353162	0.0727285990456622	-4.410237619595	1.03257250351517e-05	0.00152515365147999
ENSG00000283589	GOLGA8N	521.533499240767	0.492434497517107	0.111627945786615	4.41139083987475	1.02708731028123e-05	0.00152515365147999
ENSG00000076770	MBNL3	2876.79070698628	-0.293805688763928	0.0666285021873306	-4.40960968832638	1.03557095665356e-05	0.00152515365147999
ENSG00000175305	CCNE2	764.70522436403	-0.447177855675054	0.101515948440229	-4.40500101260785	1.05783383725465e-05	0.00154154227820562
ENSG00000105854	PON2	5112.51157137173	0.291710127681343	0.0663949146061944	4.39356130528298	1.11508724890184e-05	0.00159147091482444
ENSG00000160310	PRMT2	1055.12954859725	-0.350153130997131	0.0797966621986912	-4.38806738714535	1.14362344946648e-05	0.00161554316677694
ENSG00000169221	TBC1D10B	1388.59566901328	-0.298205496652658	0.0681440572436415	-4.37610422265374	1.20819261338639e-05	0.00168951702421426
ENSG00000135919	SERPINE2	598.553614628944	0.495097239122616	0.113203600578823	4.37351141298622	1.22263849801555e-05	0.00169262073665272
ENSG00000272333	KMT2B	1030.30193198323	-0.383906303569094	0.0879146037542854	-4.36680923503998	1.26074747599128e-05	0.00171115569192386
ENSG00000152620	NADK2	5549.06062854704	0.211378177641453	0.0485119321180254	4.35724095934145	1.31712239809999e-05	0.00175329254608618
ENSG00000129128	SPCS3	9260.2151284483	0.533491863258764	0.122520606595599	4.35430315016029	1.33490871780975e-05	0.00176004536089125
ENSG00000102531	FNDC3A	7805.89143930769	0.25412137343917	0.0584040165212859	4.35109412974282	1.35459879498279e-05	0.00176915714318318
ENSG00000109805	NCAPG	4943.1384153153	-0.310688147500612	0.0716006102534407	-4.33918295390063	1.43013427201546e-05	0.00178581421638813
ENSG00000146918	NCAPG2	4428.38859135779	-0.229404218873029	0.05315851940389	-4.31547419765499	1.59260654548222e-05	0.00192649878270907
ENSG00000176102	CSTF3	2583.37306910565	-0.295783042908199	0.0688088214006129	-4.29862097457121	1.71864086804467e-05	0.002051108980794
ENSG00000282458	WASH5P	5416.67231352771	-0.410502868367158	0.0955588070583778	-4.29581407516293	1.74053417734529e-05	0.00205948334625369
ENSG00000175137	SH3BP5L	1410.40852204669	-0.324167541465302	0.0755843400564951	-4.28881883764553	1.79625806509517e-05	0.002107406496032
ENSG00000163428	LRRC58	4604.67992399283	-0.211457046283851	0.0493495219062383	-4.28488540751437	1.82833401760271e-05	0.00211947178321269
ENSG00000136868	SLC31A1	2707.64820941166	0.27514031687249	0.0642278789956887	4.2838144614889	1.83716132610172e-05	0.00211947178321269
ENSG00000117305	HMGCL	680.155221635714	0.355773096960513	0.0831358278151671	4.27941967152225	1.87381249968777e-05	0.00214388927650228
ENSG00000158104	HPD	4994.20579067089	0.391574654202081	0.0915753890072045	4.27598133567606	1.90297166909978e-05	0.00215940490057519
ENSG00000114735	HEMK1	1715.66613631217	0.432524800617343	0.101412194601453	4.26501765706927	1.99886393505277e-05	0.00223163486426376
ENSG00000134202	GSTM3	5939.81767915042	0.50968079006963	0.119562313769946	4.26288831320483	2.0180139542081e-05	0.00223499081456456
ENSG00000093000	NUP50	3675.29432499436	-0.270028971582075	0.0635900801789637	-4.24640086664655	2.17231827958713e-05	0.0023497114086463
ENSG00000013563	DNASE1L1	1688.17413709795	0.508148734648522	0.1196663214723	4.24638050536339	2.17251560464263e-05	0.0023497114086463
ENSG00000130177	CDC16	1631.02924724445	-0.291512858588819	0.0692838346530262	-4.20751622725152	2.58192868059745e-05	0.00272856646215199
ENSG00000011426	ANLN	10313.3225051081	-0.362839910193267	0.0865294730246621	-4.1932522816804	2.74983334122955e-05	0.00288399187696833
ENSG00000117153	KLHL12	2210.98581421036	0.332438963259707	0.0793172857466349	4.1912549090702	2.77415760559266e-05	0.00288762690915976
ENSG00000101557	USP14	2166.56435754654	-0.29896492271251	0.0715268993679718	-4.17975510408298	2.91823190405664e-05	0.00301492555819105
ENSG00000169045	HNRNPH1	27593.4798751453	-0.236374483696429	0.0566518562180791	-4.17240492150009	3.01401384275844e-05	0.00309081538067762
ENSG00000166025	AMOTL1	5024.02645345851	-0.269895071267415	0.0653069830760429	-4.13271381642529	3.58504998670184e-05	0.00362273226393433
ENSG00000186897	C1QL4	597.030981994319	0.528449926058525	0.128012148636542	4.12812324210667	3.65736087674721e-05	0.00366902202736872
ENSG00000120820	GLT8D2	638.095604932534	0.380827157046592	0.0925845092933615	4.11329238501346	3.90055842481757e-05	0.00385709505951246
ENSG00000160298	C21orf58	1118.45945337419	-0.331454565769078	0.0808245030144584	-4.10091684337094	4.11516431829005e-05	0.00404044927818492
ENSG00000100288	CHKB	825.914067907199	-0.347860529794559	0.0855490242885563	-4.06621270888173	4.77833259074361e-05	0.00453090660179826
ENSG00000120725	SIL1	3630.13838150609	0.287893511029725	0.0707953625999778	4.06655888827689	4.77124327161497e-05	0.00453090660179826
ENSG00000196954	CASP4	941.084235805542	0.351373409198345	0.0866343183150924	4.05582240423923	4.99582090588446e-05	0.00462294693876651
ENSG00000089280	FUS	2873.8984898264	-0.367734557442446	0.0907117318312637	-4.05388090403216	5.03748695160961e-05	0.00462294693876651
ENSG00000087338	GMCL1	1300.32558379741	0.348649629926806	0.0859018788693065	4.05869620683445	4.93474612707715e-05	0.00462294693876651
ENSG00000153029	MR1	982.530824446265	0.390573763874354	0.0965803974555621	4.0440272991635	5.25407975205748e-05	0.00475408366584861
ENSG00000187189	TSPYL4	675.319011121054	0.346952530432051	0.085787531006741	4.04432353234164	5.24744150188189e-05	0.00475408366584861
ENSG00000106733	NMRK1	256.140662555061	0.521998366506048	0.129257965367901	4.03842320293613	5.38117047805602e-05	0.00483746260377971
ENSG00000141447	OSBPL1A	1935.5455364755	0.310407530151864	0.0769425964135462	4.03427418128062	5.47713343573045e-05	0.00489196356672596
ENSG00000113368	LMNB1	6795.44837852266	-0.327923548129561	0.0813568046925377	-4.03068371931326	5.56148386880352e-05	0.00493546042818692
ENSG00000100814	CCNB1IP1	1642.23884134953	0.234406570385283	0.0586318974488343	3.99793594587041	6.38972358593419e-05	0.00552870833272956
ENSG00000203880	PCMTD2	1105.6206015726	-0.373194931740468	0.0935019704788817	-3.99130552895415	6.57105597983701e-05	0.00565029186241389
ENSG00000149503	INCENP	5005.29114695405	-0.270344812467924	0.0678777221412213	-3.9828209306356	6.81020688445968e-05	0.00581978420422592
ENSG00000186185	KIF18B	1193.57108964775	-0.34248561929226	0.0862105981183486	-3.97266260491663	7.10736866139638e-05	0.0060364669784277
ENSG00000149328	GLB1L2	1823.19451945961	-0.36214388820111	0.0915210339910573	-3.95694707990838	7.59137400189117e-05	0.00636939282922311
ENSG00000145730	PAM	4770.38862471339	0.336928983213095	0.0855488029963815	3.9384418181438	8.20124751267358e-05	0.00675821848603887
ENSG00000172785	CBWD1	4769.19383116096	-0.280689686887175	0.0712481458467804	-3.93960689855425	8.16152299415556e-05	0.00675821848603887
ENSG00000167733	HSD11B1L	142.625715327944	0.71760381099545	0.182727217677521	3.92718621843125	8.59454377790103e-05	0.00695806222580479
ENSG00000115919	KYNU	15672.1745757308	0.256026540198191	0.0652340594937082	3.92473720300796	8.68244696945454e-05	0.00696936691603378
ENSG00000159307	SCUBE1	708.530403465271	0.636617859764981	0.162517912040844	3.91721658105591	8.95772646630788e-05	0.00712705547123944
ENSG00000175029	CTBP2	3128.38467875633	-0.348238482041571	0.0892144141634727	-3.90338809380594	9.48554183652656e-05	0.00746124097641328
ENSG00000087502	ERGIC2	4064.25466802287	-0.352299305016942	0.0906535868248489	-3.88621473629738	0.000101819447523358	0.00787479570677858
ENSG00000278788	SBNO2	884.079173525629	-0.448426950966397	0.115750986548741	-3.87406590938704	0.000107034444527513	0.00818665663004912
ENSG00000102316	MAGED2	4478.17292640094	0.330652591778806	0.0853894647802722	3.87228790612114	0.000107818486334489	0.00820131387260806
ENSG00000170275	CRTAP	10275.599778612	0.324485423833014	0.0838446588699013	3.87007864551642	0.00010880024936263	0.00823076859112701
ENSG00000117500	TMED5	4435.9294751129	-0.443111422140263	0.114905164338704	-3.85632294849787	0.000115105398178524	0.00866043006730154
ENSG00000153982	GDPD1	552.366444323971	0.500305637353529	0.129945756880639	3.85011138003591	0.000118064122978482	0.00883502550548165
ENSG00000110906	KCTD10	1039.62854275051	-0.412927050030315	0.107814706963385	-3.82996959932888	0.000128159091035064	0.00943741732068844
ENSG00000226232	RP11-419C5.2	288.354615513933	0.435825449903628	0.114567659974341	3.80408790754074	0.000142327633860013	0.0102624154331147
ENSG00000173692	PSMD1	5663.71117883324	-0.255098161882785	0.0671110735950187	-3.80113367612285	0.00014403556525112	0.0103317531882721
ENSG00000184640	SEPT9	6276.60721847864	-0.22769131509479	0.0599477072591709	-3.79816552633807	0.000145770967279912	0.0103489911334518
ENSG00000168679	SLC16A4	1175.30756297916	0.282423832878762	0.0744216760378968	3.79491363154664	0.000147694861340398	0.010432079899982
ENSG00000102172	SMS	8233.52293838868	0.311685403522465	0.0823187241147649	3.78632451941223	0.000152891977579455	0.0107443479066496
ENSG00000185261	KIAA0825	1507.2273811267	-0.290366861718123	0.0767894921798391	-3.78133587650366	0.000155989046524638	0.0108518209049603
ENSG00000197763	TXNRD3	488.391596301453	0.430237620359346	0.113941920825156	3.77593792735465	0.000159406688125475	0.0110341309520454
ENSG00000213420	GPC2	336.484134325199	0.530135251693802	0.140680268854029	3.76836962292042	0.000164317270305203	0.011317454179628
ENSG00000174456	C12orf76	800.401510297268	0.285186492733817	0.075711328686182	3.76676116616437	0.000165379070782078	0.0113341973064707
ENSG00000172037	LAMB2	4939.18144747758	0.314442103620749	0.0837440775023332	3.7547981063137	0.000173481258554064	0.0117886467047294
ENSG00000149927	DOC2A	1574.02727851901	0.29364500316534	0.0784595436776302	3.74262950561949	0.000182104626994237	0.0122749984771068
ENSG00000105404	RABAC1	2031.04066509187	0.481746308473038	0.128849664967798	3.73882468839509	0.000184882596066041	0.0123154610584428
ENSG00000179085	DPM3	1907.83565402822	0.56660521091307	0.151833502865368	3.73175353410296	0.000190151499539778	0.0124761012304677
ENSG00000203705	TATDN3	806.568390021631	0.441256855528501	0.118343731363697	3.72860353855515	0.000192543797392102	0.012573473259888
ENSG00000220205	VAMP2	334.292523752366	-0.572898186970988	0.153827667046038	-3.72428574113089	0.000195868979780921	0.0127305641130849
ENSG00000156253	RWDD2B	865.998221734415	0.367639450380916	0.0988675408827338	3.71850505331138	0.000200405284039171	0.0129645362254125
ENSG00000116560	SFPQ	18065.8336363328	-0.175530868829497	0.0473889143603684	-3.70404916843366	0.000212185103326036	0.0134313746296801
ENSG00000164252	AGGF1	2164.64791235356	-0.294560085363728	0.0795311772254358	-3.70370583763371	0.000212472626690259	0.0134313746296801
ENSG00000120708	TGFBI	1096.21987635722	0.580880604429815	0.156724321147451	3.70638456224867	0.000210238995592736	0.0134313746296801
ENSG00000160285	LSS	4069.12882431432	-0.278758061196981	0.0754075423426849	-3.69668673101933	0.000218431608655319	0.0137453054101102
ENSG00000070404	FSTL3	7271.58573137907	-0.381494585952113	0.10333319274493	-3.69188811279454	0.000222595392712575	0.0139094161940974
ENSG00000169504	CLIC4	7877.93784053899	0.269416853770515	0.0731695435521872	3.6820901250854	0.000231329597907781	0.0140461708484005
ENSG00000172977	KAT5	1157.07242513472	0.289146484880846	0.0784402454127282	3.68620066599036	0.000227626892450562	0.0140461708484005
ENSG00000111275	ALDH2	875.614147551796	0.367746615529455	0.0998257383707637	3.68388575462977	0.000229705226015416	0.0140461708484005
ENSG00000104763	ASAH1	6209.69574166096	0.405887054768942	0.11020206688335	3.68311653536025	0.000230399766156026	0.0140461708484005
ENSG00000120875	DUSP4	921.235814578365	0.324029906764413	0.0879956830182524	3.68233867446885	0.000231104112810871	0.0140461708484005
ENSG00000065054	SLC9A3R2	1660.30118362627	-0.327026554899017	0.0888895418042922	-3.67902171910201	0.000234130330725493	0.0141043430366784
ENSG00000243989	ACY1	1173.7376350054	0.401896868394914	0.109246449020245	3.67880944414436	0.00023432525992748	0.0141043430366784
ENSG00000196141	SPATS2L	849.406725971756	-0.380825977205774	0.103598614861189	-3.67597556894019	0.000236942199147763	0.0141176929502457
ENSG00000187609	EXD3	498.902863008804	0.394225399277641	0.107288128102093	3.67445500496107	0.000238357642398536	0.0141176929502457
ENSG00000102034	ELF4	537.605907504464	-0.343876363611329	0.0936207519763231	-3.67307841853584	0.000239645900267823	0.0141176929502457
ENSG00000119139	TJP2	1489.28852618681	-0.408847899230858	0.111434057780764	-3.66896716653024	0.000243532350280156	0.0142255774568712
ENSG00000155893	PXYLP1	1460.60652185153	0.269749009027206	0.0735909287236875	3.66551983655533	0.000246836676718831	0.0143580124054433
ENSG00000090006	LTBP4	1652.04013785758	0.321245587242693	0.0876982076340754	3.66308041987704	0.000249200258653308	0.0144348467815749
ENSG00000141551	CSNK1D	2029.77404638213	-0.348598396613662	0.0952231918162505	-3.66085603690267	0.000251373979541598	0.0144399227086053
ENSG00000116016	EPAS1	3973.08649026212	0.191561362028612	0.0523219037252451	3.6612077999789	0.000251029048503854	0.0144399227086053
ENSG00000133943	C14orf159	514.37380944372	0.331678843473243	0.0908588325754222	3.65048541866213	0.000261745169178937	0.0148508201725951
ENSG00000149380	P4HA3	655.427294509801	0.337717894380028	0.0926564163481954	3.64484088302003	0.000267557286696509	0.0150571669797824
ENSG00000068078	FGFR3	1102.57441950645	-0.406621835561212	0.111679247979198	-3.64097934861587	0.000271602924086366	0.0152229590325978
ENSG00000015171	ZMYND11	1234.4463191235	-0.294295805366173	0.0809633316361158	-3.63492706412905	0.000278059290181479	0.0155219871502919
ENSG00000070814	TCOF1	4441.93526766982	-0.287334684736441	0.0792917433550291	-3.62376550922709	0.000290344857073677	0.016078136805312
ENSG00000181929	PRKAG1	3087.39011068106	0.255780806324634	0.0706700869381706	3.61936453464981	0.000295327363740571	0.0160965040300176
ENSG00000150540	HNMT	574.33472488578	0.371423661359895	0.102608849442329	3.61980144381846	0.000294829165118984	0.0160965040300176
ENSG00000163322	FAM175A	502.032430092608	0.429108752188324	0.118532290038846	3.62018444128342	0.000294393088517887	0.0160965040300176
ENSG00000128683	GAD1	282.294045163969	0.41924278199024	0.11609082293162	3.61133439666616	0.000304625576354012	0.0164094804632099
ENSG00000149932	TMEM219	1340.43717744972	0.400707166015492	0.110993746922923	3.61017784446679	0.000305987132204308	0.0164189374350249
ENSG00000101868	POLA1	7558.8460179965	-0.181002689256327	0.050221261746418	-3.60410477479167	0.000313230689036397	0.0166783294577688
ENSG00000167646	DNAAF3	230.746041051681	0.535521307988494	0.14873193267484	3.60058057713309	0.000317507409814449	0.016776994585768
ENSG00000154124	OTULIN	4838.75271296475	-0.260556583408898	0.0724641227045326	-3.59566325630269	0.000323566133313247	0.0169981671294484
ENSG00000106462	EZH2	3723.22754199227	-0.208622257960925	0.0580280801445033	-3.59519490290576	0.000324148809749667	0.0169981671294484
ENSG00000152953	STK32B	336.243531369806	0.414925926021709	0.115720608175966	3.58558369647322	0.000336325113970944	0.0175701316143915
ENSG00000156504	FAM122B	1308.85620529384	0.347268953087776	0.0970688996482366	3.57755114507559	0.000346828370340065	0.0179160147723428
ENSG00000168461	RAB31	1943.00294043965	0.375804091336218	0.10515667125569	3.57375415985207	0.000351899342009302	0.0181103884415494
ENSG00000170632	ARMC10	1242.04277897198	0.268065967764017	0.0751525334491371	3.56695849708704	0.000361148652013646	0.0184492322453023
ENSG00000107566	ERLIN1	3709.43278210827	0.465005747805487	0.130726535453839	3.55708767306609	0.000374989033082889	0.0185666295544685
ENSG00000119950	MXI1	1166.55898588269	0.254255151510816	0.071440036963662	3.55900083926528	0.000372268342318318	0.0185666295544685
ENSG00000171298	GAA	3411.04388925776	0.323751759727308	0.0909925672246908	3.55800225888624	0.000373686100875942	0.0185666295544685
ENSG00000125967	NECAB3	2076.35667818798	-0.243899557031864	0.0684923953178714	-3.56097280435197	0.000369483355100998	0.0185666295544685
ENSG00000120253	NUP43	2173.65710248066	-0.2803287192288	0.078681525241653	-3.56282772058412	0.000366881464333179	0.0185666295544685
ENSG00000075624	ACTB	1674.50224223399	-0.468551577500937	0.131658194278951	-3.55884857807023	0.000372484193421149	0.0185666295544685
ENSG00000169635	HIC2	275.687868401919	-0.414308036997744	0.1167400002009	-3.54898095155692	0.00038672505463592	0.0189180977257232
ENSG00000214076	CPSF1P1	226.60090329484	0.426172507911609	0.120252464497669	3.54398148671516	0.000394132920126442	0.0192125920641918
ENSG00000143643	TTC13	1614.73860530475	0.293058660820896	0.082730069807708	3.54234755877834	0.000396582568974875	0.0192641722276778
ENSG00000170633	RNF34	1362.24516521487	-0.211977571460905	0.059975086401872	-3.5344271126267	0.000408660128021266	0.0194415491832523
ENSG00000156983	BRPF1	1625.1693697054	-0.275858676421662	0.0780446717320193	-3.53462536646797	0.000408353671983395	0.0194415491832523
ENSG00000135164	DMTF1	2869.86812253121	-0.385458186286162	0.109046769777854	-3.53479692311294	0.00040808865709546	0.0194415491832523
ENSG00000147535	PLPP5	916.144570235545	0.2980761903208	0.0843029165902328	3.53577553869986	0.000406579994371051	0.0194415491832523
ENSG00000198715	GLMP	3594.39876247802	0.324151862935666	0.0917647153234089	3.53242378394843	0.000411768901547371	0.0195223584692528
ENSG00000172830	SSH3	1402.20350555652	-0.341827879759673	0.0969016266801208	-3.52757627989127	0.000419382903999627	0.0196146517667934
ENSG00000221963	APOL6	2352.71599420127	0.332586368455285	0.0942526113978358	3.5286700657179	0.000417653489607273	0.0196146517667934
ENSG00000090889	KIF4A	2895.76001630117	-0.293328787256616	0.0831484623465227	-3.52777163856817	0.000419073527369956	0.0196146517667934
ENSG00000138834	MAPK8IP3	1625.96728698518	-0.367234558678311	0.104315831125575	-3.52041060993162	0.000430879201385083	0.0200844837170878
ENSG00000179604	CDC42EP4	1892.49585968517	-0.271341671720644	0.0772467932429204	-3.51265936525478	0.00044364585588256	0.0204727774294605
ENSG00000213903	LTB4R	190.881653139447	0.504203509730274	0.143634249988801	3.51032925482318	0.000447552137806029	0.0205844245707198
ENSG00000123473	STIL	1800.07976712992	-0.317752075961171	0.0906574641333696	-3.5049742345949	0.000456651474613871	0.020933387465412
ENSG00000171867	PRNP	4527.78845340629	0.372066763155421	0.106532920167489	3.49250506388509	0.000478512522918283	0.0217197618599368
ENSG00000234704	BRD2	4047.91447187772	-0.237677741841101	0.0682180683304778	-3.4840878327086	0.000493817403580602	0.0221977044242667
ENSG00000148840	PPRC1	2339.85356539588	-0.227006232742722	0.0652090478795235	-3.4812075950277	0.000499158457744561	0.0223635912265881
ENSG00000156802	ATAD2	13078.6833141354	-0.187924494309367	0.0541211188294949	-3.47229507396938	0.000516028811247472	0.0229181272367653
ENSG00000006757	PNPLA4	392.749183133267	0.49273611434079	0.141915082743523	3.47204895219835	0.000516502145179917	0.0229181272367653
ENSG00000153885	KCTD15	1225.28720098112	-0.29612110403952	0.0855181675864931	-3.46266895557628	0.000534846000896507	0.0234906364285424
ENSG00000151151	IPMK	796.388951624338	-0.267153610268067	0.0772090793108155	-3.46013205509943	0.000539910540282975	0.0235789322387303
ENSG00000186399	GOLGA8R	241.352762494449	0.487260813436296	0.140974957168621	3.45636433039296	0.000547514745562801	0.0238358306212938
ENSG00000087448	KLHL42	1074.8678914595	-0.273238536912355	0.0791598869857231	-3.45172974996333	0.000557005317741384	0.0241729831310712
ENSG00000169062	UPF3A	1743.22279130438	-0.232580548807846	0.0674738761217043	-3.44697180859056	0.000566907735017083	0.0245044224324387
ENSG00000107957	SH3PXD2A	5312.84758745952	-0.209967196539723	0.0610559702494053	-3.43892981606935	0.000584018621629318	0.0251091732852058
ENSG00000145332	KLHL8	1095.38667630687	0.281003760839925	0.0818549655965909	3.43294702760987	0.000597058736680734	0.0254328650787941
ENSG00000158615	PPP1R15B	21800.6028894198	0.298686759663875	0.0871091654884616	3.42887867182516	0.000606080400691299	0.025581027643812
ENSG00000128346	C22orf23	230.880234379937	0.460125132886948	0.134153215358387	3.42984796642953	0.000603919529917954	0.025581027643812
ENSG00000012171	SEMA3B	6437.39525126309	-0.258339119729115	0.0754028923710521	-3.42611684519801	0.000612276928982185	0.0257640176438583
ENSG00000141076	UTP4	801.216905856229	-0.328872790771017	0.0961356381659002	-3.42092482086076	0.000624085813665787	0.0261022477473993
ENSG00000149532	CPSF7	2031.2266965285	-0.214345573100618	0.0626963066386937	-3.41879106748423	0.000629000040106209	0.0261740523429321
ENSG00000105755	ETHE1	307.308601151912	0.375757808734259	0.109941175154713	3.41780782500713	0.000631276631418651	0.0261740523429321
ENSG00000068796	KIF2A	1989.72453769909	0.287920142396132	0.0843353018822987	3.41399314367741	0.000640181867840573	0.0263770171975741
ENSG00000167601	AXL	1101.35045132643	0.448942941151557	0.131535153740243	3.41310234097672	0.000642278176196724	0.0263848637129598
ENSG00000105223	PLD3	3960.76420527063	0.383544274903757	0.112492480983155	3.40951032061592	0.000650796154483596	0.0266021230838975
ENSG00000174132	FAM174A	710.049604340431	0.430664997513072	0.126322386975178	3.40925316426846	0.000651409977278334	0.0266021230838975
ENSG00000168564	CDKN2AIP	932.217726386014	-0.308132679093135	0.0904755140108563	-3.40570244294121	0.000659940646240047	0.026837833150927
ENSG00000143545	RAB13	1054.41821568181	0.433585626802548	0.127473822505287	3.40136993055624	0.000670490273391387	0.0270620039207882
ENSG00000151498	ACAD8	1111.58985995007	-0.259099748265063	0.0762384557595891	-3.39854402458137	0.00067745558766156	0.0270857521040511
ENSG00000257727	CNPY2	7082.94040698089	0.381681930474058	0.112295724024716	3.39889994733948	0.000676574618916347	0.0270857521040511
ENSG00000126214	KLC1	2643.98502358654	-0.24839470627689	0.0731617945048929	-3.39514234113377	0.000685929291004605	0.0270857521040511
ENSG00000197006	METTL9	996.668247549129	0.325052896206868	0.0957101777278468	3.39622079828501	0.00068323221228565	0.0270857521040511
ENSG00000147853	AK3	2723.3220695689	0.234314157773393	0.0690210300834467	3.39482267201904	0.000686730640604012	0.0270857521040511
ENSG00000124795	DEK	10743.8845098718	-0.189826050564899	0.0559313426272098	-3.39391192215992	0.00068901849084766	0.0270987840548154
ENSG00000134684	YARS	8205.56419773492	0.183919083836779	0.0542057942996966	3.39297830080517	0.000691371147361708	0.027114283750922
ENSG00000182759	MAFA	816.218493214178	-0.377134807071021	0.111219066645621	-3.39091864772335	0.00069658774877148	0.0272416971581705
ENSG00000062598	ELMO2	582.154955226998	-0.313405192603784	0.0926397310242849	-3.38305378414394	0.000716845921279098	0.0279549716455995
ENSG00000105677	TMEM147	3684.30170213259	0.407669701534147	0.120686570653588	3.37792100087341	0.000730360593514605	0.0282433297670843
ENSG00000139154	AEBP2	2689.04014065702	-0.19775512827018	0.0586438458328697	-3.37213778294429	0.000745871244857903	0.0284840982642871
ENSG00000127527	EPS15L1	591.659847362809	-0.433351390791091	0.12855996442814	-3.3708113775445	0.000749471543650915	0.0284840982642871
ENSG00000115944	COX7A2L	2656.82025753783	0.35236982762344	0.10454418642772	3.37053488734224	0.000750224058449185	0.0284840982642871
ENSG00000044115	CTNNA1	28419.4373467043	-0.215678219696233	0.0640089678556861	-3.36950003915856	0.000753046804733393	0.0284840982642871
ENSG00000174227	PIGG	1751.36091966241	-0.275252542162376	0.0817483811277143	-3.36707025099804	0.000759713325760868	0.028657959896004
ENSG00000188529	SRSF10	9766.74317152715	-0.209844775306696	0.062481211544056	-3.35852602920052	0.000783593411004237	0.0290055272244456
ENSG00000142731	PLK4	1539.68392913205	-0.270071555540123	0.0804339875744381	-3.35767955418329	0.000785996758276645	0.0290169043242183
ENSG00000283447	NDUFS1	4273.04932493513	0.257745043970866	0.076950124628283	3.34950781712096	0.000809552712760626	0.0298070419028141
ENSG00000023228	NDUFS1	4273.68323925176	0.257826002859561	0.0770384744927311	3.34671739747246	0.000817745303843546	0.0299245787926291
ENSG00000106688	SLC1A1	929.92909966302	0.394939408995299	0.118067379976247	3.34503407354981	0.000822724623543959	0.0299245787926291
ENSG00000169962	TAS1R3	373.729235713686	-0.345343972939143	0.103303441067208	-3.34300551241528	0.000828762535353727	0.0300350485325576
ENSG00000104611	SH2D4A	1339.46560402116	-0.306780956314088	0.0919240954803823	-3.33732907254507	0.000845877326080561	0.0304871704893186
ENSG00000162664	ZNF326	1390.17665274931	-0.276309161865932	0.0828754692988535	-3.33402832229578	0.000855979414009522	0.0306206175905628
ENSG00000173726	TOMM20	9796.38281914508	0.296023782365602	0.0888208631255149	3.33281812345466	0.000859711226468622	0.0306450962679451
ENSG00000147027	TMEM47	4657.22601595584	0.366161655002097	0.11012723624305	3.32489643337622	0.000884513850929185	0.0313176720006743
ENSG00000274780	PHRF1	2177.94085021219	-0.254266553285794	0.0765460753328499	-3.32174513428875	0.000894563647000914	0.0315927018598996
ENSG00000246705	H2AFJ	1425.10599128485	0.470620526112116	0.141909384600358	3.31634533852336	0.00091203052821546	0.0321276097522006
ENSG00000112877	CEP72	1935.32932325563	-0.226200506613619	0.0684068521365498	-3.30669369439907	0.000944040585105289	0.0330032774247415
ENSG00000168710	AHCYL1	13621.2907756322	0.184090235657191	0.0557919389691054	3.29958483355687	0.000968279570607571	0.0332806453668726
ENSG00000141956	PRDM15	1656.71254123519	0.293619790399655	0.0889734210784611	3.30008430428596	0.000966557885276102	0.0332806453668726
ENSG00000127191	TRAF2	3375.72768200441	-0.240015704453731	0.0727445232596616	-3.29943332774338	0.000968802375241956	0.0332806453668726
ENSG00000143324	XPR1	5084.17345859384	0.293748943309623	0.089442699685061	3.28421374068482	0.00102267330451391	0.0348202741911057
ENSG00000167904	TMEM68	1241.19529361419	0.266623169064597	0.0811901247077578	3.28393594694307	0.00102368185465039	0.0348202741911057
ENSG00000186522	SEPT10	2137.82179665905	0.242064119386301	0.0737667577878342	3.28147971587038	0.00103263951545057	0.0349533858643464
ENSG00000117385	P3H1	3117.05467118346	0.365454016941466	0.111514851702491	3.2771779844756	0.00104850252863916	0.0350307826917684
ENSG00000117360	PRPF3	3614.14921615765	-0.168687700797847	0.0514761532684705	-3.27700673199233	0.00104913867951027	0.0350307826917684
ENSG00000185432	METTL7A	6104.72327660479	0.321612486678853	0.0981371738190994	3.27717290159278	0.00104852140486179	0.0350307826917684
ENSG00000187498	COL4A1	3292.24571495038	0.288829617674446	0.0881452991199779	3.27674442719071	0.00105011375448453	0.0350307826917684
ENSG00000184470	TXNRD2	2197.14518798858	-0.29652237963709	0.090457537387584	-3.27802843412129	0.00104534865082854	0.0350307826917684
ENSG00000171848	RRM2	2833.72581775813	-0.369903456932721	0.112978017390061	-3.27411885495933	0.00105992019502866	0.0352729211057134
ENSG00000095794	CREM	3513.72261666029	0.336034071515938	0.102698615393422	3.27204091533898	0.00106774122723988	0.0353136838234624
ENSG00000103528	SYT17	724.273569438088	0.300261309715659	0.0917735979083712	3.27176134050499	0.0010687975673238	0.0353136838234624
ENSG00000154217	PITPNC1	328.40687629192	0.469725566182388	0.14372075716183	3.2683209820101	0.00108187593820797	0.0354916836221592
ENSG00000071073	MGAT4A	781.88744474245	0.462769700080252	0.141628272791446	3.2674951897613	0.00108503710286043	0.0355112379479901
ENSG00000121900	TMEM54	590.14685433856	0.365999700342334	0.112140423538328	3.26376242209608	0.00109943315119843	0.035711918826001
ENSG00000128739	SNRPN	3226.3879520897	0.30324370948553	0.0929273706792034	3.26323350450067	0.00110148723914349	0.035711918826001
ENSG00000075218	GTSE1	1633.21227472863	-0.219734533670209	0.0673136878256409	-3.26433658247006	0.00109720736999256	0.035711918826001
ENSG00000174996	KLC2	1038.56834560812	-0.346046742210705	0.106174031275588	-3.25924087136237	0.00111710778791073	0.036133738822047
ENSG00000237190	CDKN2AIPNL	907.201644229934	0.26987202130207	0.0829689119929816	3.25268844461765	0.00114318765528392	0.0366349303234969
ENSG00000100162	CENPM	788.592615698892	-0.267882885360233	0.0826322983453216	-3.241866567002	0.00118749607374441	0.03779240378142
ENSG00000237649	KIFC1	969.166107215767	-0.262787066141689	0.0811152816629772	-3.23967396468563	0.00119666443884502	0.0379098912846005
ENSG00000102854	MSLN	2721.15073110996	-0.371275300719731	0.114753003399624	-3.2354299209649	0.00121459696690117	0.038193920163023
ENSG00000233450	KIFC1	969.16895170705	-0.262408638294138	0.0811169011651297	-3.2349440686837	0.00121666561628815	0.038193920163023
ENSG00000196704	AMZ2	1304.32969607363	0.370503090213483	0.114609609793908	3.23274017667214	0.00122609021633154	0.0383160111848619
ENSG00000133302	SLF1	13774.4325323063	-0.177724694765456	0.0550208019321476	-3.23013639431553	0.0012373117551198	0.0384929077255697
ENSG00000106665	CLIP2	764.550499767024	0.246695934764881	0.0764241081614341	3.22798578484911	0.00124665168979013	0.0386099462940818
ENSG00000107443	CCNJ	452.106406694195	0.327457168889825	0.1014934780904	3.22638631615481	0.00125364022888899	0.0386307554013528
ENSG00000047230	CTPS2	2057.0181934361	0.219558058185886	0.068060652234241	3.2259176334403	0.00125569488085877	0.0386307554013528
ENSG00000166851	PLK1	2055.06451678324	-0.317078510715809	0.0986058968774888	-3.21561408350412	0.00130165745780186	0.0397795714035519
ENSG00000138078	PREPL	3962.59198621218	0.201181438307152	0.0625831493942044	3.21462630523645	0.00130614438607755	0.0398287728653253
ENSG00000109689	STIM2	745.541083750809	0.351527883130911	0.109542680622239	3.20904948768933	0.00133174568126718	0.0402007203547714
ENSG00000101972	STAG2	15401.4972083607	-0.186707464787441	0.0582753380928678	-3.20388471174381	0.00135586758590108	0.040805719259162
ENSG00000143543	JTB	5085.02422968416	0.343860620879184	0.107432975920517	3.20069902125382	0.00137094654448098	0.0410986415630636
ENSG00000100243	CYB5R3	1044.60467685089	-0.29060435407503	0.0907975533830676	-3.20057472087374	0.00137153802384682	0.0410986415630636
ENSG00000141519	CCDC40	396.511525108037	0.360007922496334	0.112534272310726	3.19909584079676	0.00137859330864399	0.0412208331854588
ENSG00000137831	UACA	832.363675458044	0.382770100365325	0.119739049825217	3.19670233665669	0.00139008294333213	0.0412967988572747
ENSG00000159692	CTBP1	4141.75384955511	-0.171578677778913	0.0536661045619359	-3.19715170645365	0.00138791910492631	0.0412967988572747
ENSG00000163694	RBM47	1058.22596432729	-0.249527793451613	0.0780481739383176	-3.19709969958833	0.00138816937316117	0.0412967988572747
ENSG00000104953	TLE6	306.723476648917	0.405672155940985	0.127094554165643	3.19189251344532	0.00141343920484351	0.0419007545007572
ENSG00000119689	DLST	1842.17172998661	-0.202388774185532	0.0634901828186845	-3.18771761554877	0.00143400506273313	0.0423291387814019
ENSG00000142552	RCN3	1610.0920126971	0.470956869235379	0.147927685226934	3.18369660495187	0.00145407330255215	0.0428301931926213
ENSG00000153310	FAM49B	3294.04249935425	-0.20530113322354	0.0645201133366019	-3.18197105687776	0.00146276435624676	0.0429036223472038
ENSG00000072954	TMEM38A	1205.18714035135	0.328734649395958	0.103442157157756	3.17795624558193	0.00148317131547068	0.0434101980790193
ENSG00000137699	TRIM29	413.837378242773	-0.342923508658591	0.107989760613644	-3.17551874094316	0.00149568860002468	0.0435922378499824
ENSG00000127564	PKMYT1	1848.35566295413	-0.230798999655055	0.0727095564139843	-3.17425949267193	0.00150219326109092	0.0435982463449533
ENSG00000143319	ISG20L2	1125.74507306406	-0.340024390081494	0.107221395564607	-3.17123637769302	0.00151791572321609	0.0436736099735007
ENSG00000169604	ANTXR1	2557.93937379077	0.297286034804052	0.0937505597844211	3.17103210356993	0.00151898354975383	0.0436736099735007
ENSG00000114999	TTL	3824.31301138176	-0.170939027184278	0.0538934733406359	-3.17179459011393	0.00151500123829357	0.0436736099735007
ENSG00000075223	SEMA3C	1259.47419806162	0.342100837954993	0.107815942695773	3.17300790032795	0.00150868419042015	0.0436736099735007
ENSG00000054118	THRAP3	6732.65378822053	-0.173581792273819	0.0547913930930522	-3.16804852869911	0.00153465901201392	0.0438963209965303
ENSG00000112576	CCND3	1098.919739601	-0.302632729619335	0.0956388337775478	-3.1643289411417	0.00155441005633079	0.0441216515300798
ENSG00000165591	FAAH2	1604.38708513296	0.34251151068209	0.108247038976493	3.16416517182027	0.00155528502937583	0.0441216515300798
ENSG00000116406	EDEM3	4820.6666240357	0.225680101846743	0.0714204970496014	3.15987862265938	0.00157834876722531	0.0445532117001355
ENSG00000143224	PPOX	1086.57859910148	0.3027671352423	0.0960648844280096	3.15169416009855	0.00162326200612909	0.0456756894570143
ENSG00000138614	VWA9	974.294671789543	0.278191304425671	0.0883867715649536	3.14743144816908	0.00164711723210658	0.04616948574311
ENSG00000011422	PLAUR	1026.93567939791	0.294895078282919	0.0937781873417801	3.1446020299812	0.00166312905429458	0.0464200778783349
ENSG00000157827	FMNL2	1606.37102245558	0.23470828600581	0.0747819075080315	3.1385704621215	0.00169774111813283	0.0472405888556982
ENSG00000113269	RNF130	1334.76697646585	0.325359912525434	0.103732375307824	3.13653198010683	0.00170958790932569	0.0472405888556982
ENSG00000186871	ERCC6L	1528.55032649259	-0.268572921156629	0.0856118884901373	-3.13709843215956	0.00170628832537166	0.0472405888556982
ENSG00000141756	FKBP10	7274.99688030581	0.340159617379413	0.10849943738275	3.13512793784767	0.00171779177355186	0.0472897195000203
ENSG00000111653	ING4	751.474974426584	0.303692524838068	0.0968943074945052	3.13426590984502	0.00172284655326882	0.0473235866735189
ENSG00000130640	TUBGCP2	2435.02528122248	-0.297575267239623	0.0950277434840333	-3.13145673389185	0.0017394141366694	0.0476840580357448
ENSG00000071127	WDR1	3691.17367784342	-0.272489304344329	0.0871516638645623	-3.12661046572547	0.00176834057080942	0.0482858123516482
ENSG00000088451	TGDS	813.666289718142	0.262539769049933	0.0840099334709072	3.12510388001736	0.00177742279568938	0.0484382700463068
ENSG00000160299	PCNT	2855.7836402402	-0.357434984804743	0.114429231724417	-3.12363352806181	0.00178632791766325	0.0485853117723576
ENSG00000120053	GOT1	2544.36409904433	0.253646541157111	0.0812579342627878	3.12149876142334	0.00179933004859222	0.048611328826614
ENSG00000067182	TNFRSF1A	2421.88890529807	-0.292670621707873	0.0937547995058313	-3.12166015233886	0.00179834404080559	0.048611328826614
ENSG00000145623	OSMR	4707.8221511946	0.187398045117154	0.0600523240617046	3.12057939547185	0.00180495634131953	0.048611328826614
ENSG00000205808	PLPP6	771.703254636198	0.339417323245005	0.108814107134209	3.11924007083361	0.00181318161601078	0.0486199495597244
ENSG00000042286	AIFM2	951.381064151345	-0.252810274555183	0.0811270130704202	-3.11622806001421	0.00183180545215379	0.0488622633518632
ENSG00000114796	KLHL24	3417.90104723515	0.254327027027196	0.0817212429187517	3.11212871884549	0.00185743491972004	0.0494506327473158
ENSG00000143753	DEGS1	3124.63511442364	-0.367277140458128	0.118166445843272	-3.10813393630592	0.00188272722980706	0.0499319459184846
ENSG00000258659	TRIM34	225.59246780983	0.453799790790042	0.146139051511632	3.1052602716114	0.00190111657750629	0.0502861250535635
ENSG00000050820	BCAR1	854.317278299552	-0.272163023281214	0.0876555884817712	-3.10491353711934	0.00190334654204473	0.0502861250535635
ENSG00000196850	PPTC7	1310.16859117415	-0.266910240841444	0.0860779285018209	-3.10079767818527	0.00193000112488978	0.0507000675008997
ENSG00000142178	SIK1	12808.9844280165	-0.19727497164011	0.0638074425982	-3.09172352953189	0.00198998093971417	0.0518819136146949
ENSG00000153443	UBALD1	398.94262325716	-0.324434279900631	0.105023620115219	-3.08915536852283	0.00200726437187778	0.0522341503087894
ENSG00000172638	EFEMP2	341.713646645613	0.391585202137803	0.127012673056396	3.08304039836978	0.00204897337559812	0.053119826613821
ENSG00000130726	TRIM28	14132.3798945681	-0.271599740372494	0.0882526696794667	-3.07752435545511	0.00208727780986052	0.0539767080931806
ENSG00000169297	NR0B1	317.405346403075	0.355363302997681	0.115525825167953	3.07605076597416	0.00209762127666362	0.0539767080931806
ENSG00000085978	ATG16L1	851.139265181056	-0.253309931167869	0.0823808991545315	-3.07486242281364	0.00210599675195173	0.0540072805733898
ENSG00000281089	ATG16L1	851.153967465466	-0.251726682815693	0.0818830137727311	-3.07422347099203	0.00211051277016786	0.0540072805733898
ENSG00000277401	TJP1	2067.67417793953	0.240907781142867	0.0784607754817526	3.07042314664471	0.00213755690528617	0.0545984092191545
ENSG00000117151	CTBS	335.119717702984	0.368928741674757	0.120301027876543	3.06671312944527	0.00216426455569986	0.0550054343219288
ENSG00000117597	DIEXF	1663.18682415838	-0.196179663206467	0.0640674201487109	-3.06208151898581	0.00219803583055151	0.0556992493438071
ENSG00000124762	CDKN1A	1014.26404904902	0.282677451695121	0.0923266847975224	3.0617091073404	0.00220077213168611	0.0556992493438071
ENSG00000262795	IFNGR2	617.703725802821	0.351118479433035	0.114712004867492	3.06086952136026	0.00220695246157239	0.0557537406532997
ENSG00000156509	FBXO43	298.024433792792	-0.33422023709118	0.109251072368483	-3.05919410991151	0.00221933300701132	0.0559643827851816
ENSG00000228594	FNDC10	439.252099048676	0.348798216224483	0.114094453285326	3.05710055292709	0.00223489291222594	0.0561521914280508
ENSG00000147475	ERLIN2	3772.62345848556	-0.396388518219634	0.129708768687083	-3.05598859839543	0.00224319785864027	0.0562587520924202
ENSG00000141295	SCRN2	1564.60420694419	0.281729751874577	0.092261359677095	3.05360502880731	0.0022610955781581	0.0564010940252626
ENSG00000164754	RAD21	12542.3131295985	-0.140704624901199	0.0460774898291299	-3.05365212868532	0.00226074065170642	0.0564010940252626
ENSG00000117862	TXNDC12	2875.42863354575	0.35020550439314	0.114916416390726	3.04748020685235	0.00230768723393842	0.0574597519184236
ENSG00000115306	SPTBN1	38209.2673350994	-0.196754104430558	0.0645883967693468	-3.04627633246869	0.00231694789875412	0.0575867624961438
ENSG00000155008	APOOL	810.34081918041	0.281740658424319	0.0925730796348039	3.04344048546048	0.00233889699561615	0.057924311283202
ENSG00000160781	PAQR6	1219.10520736551	0.27111561703834	0.0891990294002567	3.03944581977211	0.002370138300065	0.0585932046894641
ENSG00000140534	TICRR	3161.67642282824	-0.278456901682935	0.0917040973360489	-3.03647175831775	0.00239364530993196	0.0590688514629198
ENSG00000091490	SEL1L3	1596.78571477006	0.414725011184376	0.136753424024205	3.03264809743243	0.00242418112500958	0.0596098818732375
ENSG00000273352	RP11-61L19.3	188.504999360093	-0.41425855589671	0.136848874202748	-3.02712432462518	0.00246892391018539	0.0603883085028385
ENSG00000165389	SPTSSA	3078.55548522965	0.309356698979572	0.102218012257323	3.02644017573732	0.00247451782282452	0.060418385783391
ENSG00000138594	TMOD3	2730.90619394656	-0.271630182331377	0.0897808296808233	-3.02548086598264	0.00248238110771019	0.0605036691111618
ENSG00000169891	REPS2	799.39340516428	0.393573811866485	0.130170098049462	3.02353472697651	0.0024984035265593	0.0607871677006801
ENSG00000155256	ZFYVE27	2491.26930925066	-0.146307822082766	0.0484471329715846	-3.01994799503573	0.00252818091485053	0.0614037483950715
ENSG00000176953	NFATC2IP	2124.94782936754	-0.213781931566589	0.0709420862959791	-3.01347116681435	0.00258277582489603	0.0620762995136469
ENSG00000135974	C2orf49	1670.7535229564	0.286852526338221	0.0952871391340116	3.01040128757347	0.00260902738456316	0.0625985703845623
ENSG00000163521	GLB1L	242.964302998605	0.443885637126454	0.147587807803439	3.00760370204585	0.00263316267926348	0.0630683462486568
ENSG00000088247	KHSRP	3644.13852912714	-0.292172493136083	0.0971989717668414	-3.00592164531267	0.00264777216866942	0.0631995825914818
ENSG00000029363	BCLAF1	9250.41682301154	-0.16623024476135	0.0552957209480301	-3.00620449306705	0.00264531032662399	0.0631995825914818
ENSG00000088766	CRLS1	1652.02872156678	0.201836994939023	0.0672195665396179	3.00265243186393	0.0026763790305713	0.0634647528691465
ENSG00000172183	ISG20	1496.22445502937	0.289014310865433	0.096365314229472	2.99915289205835	0.00270731411919464	0.0639803952379658
ENSG00000167920	TMEM99	325.216783596773	0.446419351914507	0.148957117084816	2.9969655740606	0.00272681504752449	0.0642007270713079
ENSG00000117448	AKR1A1	3462.79758463375	0.212260600085365	0.0708422509929436	2.99624302037646	0.00273328508489471	0.0642438008748426
ENSG00000198242	RPL23A	9841.61027974264	0.232346778402098	0.0776491406252832	2.99226464750395	0.00276916092452368	0.0646479997286777
ENSG00000116044	NFE2L2	2130.92411291689	-0.192226934684822	0.0642931042522301	-2.98985306310132	0.00279111676695213	0.0649415470952694
ENSG00000117118	SDHB	4497.59645274261	0.27708820268459	0.0927084103890204	2.98881408409313	0.00280062487757569	0.0649444737104821
ENSG00000198951	NAGA	2064.77116423513	0.347197649330561	0.116158124795462	2.98900873220816	0.00279884132652896	0.0649444737104821
ENSG00000104408	EIF3E	23414.4387574446	0.213893316668327	0.0716196312343752	2.98651798371261	0.00282174241176553	0.0652156960742605
ENSG00000131584	ACAP3	4213.76531444623	-0.253203830324698	0.0848166686441333	-2.98530742096308	0.00283293455919946	0.0653652433959288
ENSG00000088682	COQ9	2250.18007157912	0.161042450761125	0.0539773361374184	2.98351979340244	0.00284953604247614	0.0656388967920793
ENSG00000111057	KRT18	34834.3241021175	-0.368982118244525	0.123736972871126	-2.98198759580798	0.00286383601961462	0.0658587140457555
ENSG00000153904	DDAH1	949.225687882691	-0.293405161707449	0.0984783120772323	-2.97938861378274	0.00288824217074339	0.0660012672134641
ENSG00000092470	WDR76	1570.5759452851	-0.256824954030724	0.0861770191609499	-2.9802023385267	0.00288058042025205	0.0660012672134641
ENSG00000164967	RPP25L	976.630806350865	0.377910262854943	0.1269740466646	2.97627958454523	0.00291768733424319	0.0665444208488678
ENSG00000101161	PRPF6	2960.57975051997	-0.22655386072606	0.0761832830605139	-2.97380017800105	0.0029413655160331	0.0669741187565169
ENSG00000185515	BRCC3	1254.96611821541	-0.225933214454876	0.0759940715821582	-2.97303736661375	0.00294868551393697	0.0670305455746197
ENSG00000002834	LASP1	3885.0748771437	-0.196334887225967	0.0660568103169144	-2.97221264974845	0.00295661826015911	0.0671006937600699
ENSG00000101574	METTL4	703.936993592116	-0.331288673135001	0.111534616472729	-2.97027670522365	0.00297531619377576	0.0674145292743563
ENSG00000150054	MPP7	791.241832540244	0.289303311916557	0.0975936654490312	2.96436567461078	0.00303307627887353	0.0684990342654571
ENSG00000104228	TRIM35	578.944692067812	-0.484616909263932	0.163791424510618	-2.95874409000281	0.00308895502419213	0.0693791951587468
ENSG00000068394	GPKOW	1695.33223103784	0.305042825594048	0.103140198609716	2.95755515023133	0.00310089272774253	0.0694640112020512
ENSG00000100744	GSKIP	854.291103652975	-0.322142563937475	0.109062553254651	-2.95374126429354	0.00313947099343039	0.0699955626432918
ENSG00000101367	MAPRE1	3467.01556293162	-0.245344520897117	0.0830687960253466	-2.95351001382342	0.00314182415051319	0.0699955626432918
ENSG00000223705	NSUN5P1	3263.24208147844	0.298258648929118	0.100994616643172	2.95321333792382	0.00314484541780753	0.0699955626432918
ENSG00000197930	ERO1A	6636.73246207894	0.218867870002625	0.0741585360533674	2.95135100624316	0.00316387147220652	0.0703059978510868
ENSG00000165887	ANKRD2	154.322559876048	-0.60350259813647	0.204774179744172	-2.94716159474029	0.00320705561937643	0.0710363653388176
ENSG00000168924	LETM1	4205.67007581419	-0.237777192490314	0.0806934593019688	-2.94667243847497	0.00321213267134498	0.0710363653388176
ENSG00000196743	GM2A	1712.38536256366	0.4126018532432	0.140074509185443	2.94558842749155	0.00322340995124696	0.0711720691627798
ENSG00000143458	GABPB2	1272.79762507569	-0.202834003062622	0.0688912470873993	-2.94426377280259	0.00323723969245313	0.0711961903037551
ENSG00000110013	SIAE	1213.23387963591	0.292341629612863	0.0993154673104373	2.94356596741442	0.00324454668426376	0.0711961903037551
ENSG00000172828	CES3	4039.38897285401	-0.191248627110517	0.0649892855210706	-2.94277165192885	0.00325288255724067	0.0711961903037551
ENSG00000173611	SCAI	1093.18806610373	0.284961466608318	0.0968582220071958	2.94204725941746	0.00326050163627425	0.0711961903037551
ENSG00000269190	FBXO17	513.44407496724	0.274484290685203	0.0934078037942271	2.93855844517957	0.00329742480713952	0.0715510172884632
ENSG00000282954	FBXO17	513.388305408606	0.274387106099067	0.0933529996908001	2.93924252041049	0.00329015515333498	0.0715510172884632
ENSG00000163349	HIPK1	3547.88852377036	-0.191384656638221	0.0651554322975472	-2.93735533461307	0.00331024574218013	0.0716677886013776
ENSG00000044090	CUL7	1728.86098188031	0.256165612960746	0.0872177119930661	2.93708246991289	0.00331315983132633	0.0716677886013776
ENSG00000198231	DDX42	3648.76314983736	-0.187526467990606	0.0638786826863951	-2.9356658607261	0.00332832625572914	0.0718518482712525
ENSG00000181751	C5orf30	1134.34277985928	0.216019155615649	0.0735930755220779	2.93531903760216	0.00333204901691304	0.0718518482712525
ENSG00000140105	WARS	4612.2237847281	0.227251422951153	0.0774489913075225	2.93420765221871	0.00334400406595512	0.0718857023122401
ENSG00000160360	GPSM1	1419.32998503592	0.217561374332181	0.074240413546311	2.93049787763462	0.00338419305406416	0.0720781056007142
ENSG00000079150	FKBP7	275.352887117453	0.470817086086191	0.160757662273664	2.92873807336598	0.00340341085065447	0.0723760673063908
ENSG00000137075	RNF38	589.380352367037	-0.372337808496163	0.127187906478135	-2.92746235712412	0.00341740426456367	0.072451063765114
ENSG00000137834	SMAD6	514.200758301411	-0.308990867262632	0.105611786480073	-2.92572332654303	0.00343656417061808	0.0724513835219752
ENSG00000108828	VAT1	3704.83233700726	0.277070938411276	0.094699648339197	2.92578634947891	0.0034358681063723	0.0724513835219752
ENSG00000124356	STAMBP	3187.03200708941	0.187394614663018	0.0640542405502881	2.92556141565517	0.00343835300302931	0.0724513835219752
ENSG00000111737	RAB35	1753.28892236308	-0.348970289797884	0.119314017458018	-2.92480546068841	0.00344671620663768	0.0725172327730882
ENSG00000239779	WBP1	1079.76240870939	0.359506572534281	0.123023123492427	2.92226828850114	0.00347492072443752	0.0727788237656779
ENSG00000148204	CRB2	228.746494339232	-0.444230669783657	0.151990742853669	-2.92274819796984	0.00346956974838997	0.0727788237656779
ENSG00000154359	LONRF1	492.090040884514	0.423265324885448	0.14526004897609	2.91384539568148	0.00357006663449891	0.0744337386867513
ENSG00000134504	KCTD1	612.981484572466	-0.258633705774923	0.0888444060689874	-2.91108598974813	0.00360174878699681	0.0749813687326074
ENSG00000125351	UPF3B	998.835752819989	-0.20888323314916	0.0717919445879988	-2.90956366132585	0.00361933667304089	0.0752343797320992
ENSG00000106049	HIBADH	1117.46749027871	0.237672472442548	0.0817535422497121	2.90718256239698	0.00364700285295085	0.0754695179316166
ENSG00000135829	DHX9	18134.1893944032	-0.214084222777373	0.0738256504098561	-2.89986233224966	0.00373326587146358	0.0765679003326546
ENSG00000198774	RASSF9	1779.46627240696	0.158183778388947	0.0545468495110192	2.89996177243915	0.00373208172758574	0.0765679003326546
ENSG00000112679	DUSP22	653.701321286852	-0.277564447194933	0.0956861611169572	-2.90077942259243	0.00372235800417564	0.0765679003326546
ENSG00000101294	HM13	1873.68083194192	-0.235583394693842	0.0813055047047028	-2.89750854569402	0.00376139490682557	0.0769169144609944
ENSG00000131788	PIAS3	485.578789118915	0.379393269124125	0.130986169917404	2.89643761141623	0.00377425680350898	0.0770033490672818
ENSG00000187266	EPOR	398.105823687237	0.342415159010114	0.118275829231914	2.8950560840179	0.0037909079539254	0.0771784260502106
ENSG00000186326	RGS9BP	129.344880627062	0.498666054838146	0.17254554623634	2.89005463030098	0.0038517488363346	0.0781871127422524
ENSG00000102081	FMR1	2830.9423655453	-0.193765035663302	0.0671230151683366	-2.88671531183995	0.00389286289816629	0.0787906344476814
ENSG00000143578	CREB3L4	792.569065495179	0.308145402317009	0.106894312890272	2.88271091309902	0.00394269091384252	0.0793351933302848
ENSG00000122971	ACADS	502.758827301228	0.389562925079988	0.135225383036901	2.88084172017973	0.00396614757151566	0.0795758651884969
ENSG00000023608	SNAPC1	907.487437205073	0.273493617727789	0.0949978995114697	2.87894384122429	0.00399009379744469	0.0799404609722493
ENSG00000119729	RHOQ	1534.4281676887	0.241993440516054	0.0841352050866175	2.87624473330659	0.00402437554299665	0.0805107731463088
ENSG00000111540	RAB5B	2198.45615293889	0.214293299178258	0.0745182715238001	2.87571483874012	0.00403113712524574	0.0805296715178961
ENSG00000162997	PRORSD1P	224.193927239008	0.425405172455259	0.148135994679917	2.87172049827895	0.00408243865681319	0.0814370039840373
ENSG00000175866	BAIAP2	572.190759747875	-0.325841101837216	0.113494851139924	-2.87097695238612	0.00409205359117525	0.0814926459362312
ENSG00000124120	TTPAL	771.778680681009	-0.333967711017812	0.11635933789091	-2.8701410395693	0.00410288747598621	0.0814926459362312
ENSG00000075618	FSCN1	2942.9017666214	-0.330401303353183	0.115113534534876	-2.87022116633106	0.00410184786273512	0.0814926459362312
ENSG00000112742	TTK	3053.48819975119	-0.25106751698519	0.0874990616342316	-2.86937382294128	0.00411285392311899	0.0815735669221481
ENSG00000149541	B3GAT3	937.914591928229	0.307625351477591	0.107240671989982	2.8685511361429	0.00412356535492375	0.0816179673314301
ENSG00000166192	SENP8	162.987488891744	-0.480687418126285	0.16758636690219	-2.8682966700199	0.00412688364143319	0.0816179673314301
ENSG00000151693	ASAP2	1034.37543452563	-0.19732378546698	0.068858352048777	-2.86564780590745	0.00416156949902427	0.0820825026949993
ENSG00000101412	E2F1	2645.61741375837	-0.207502784355135	0.0724336251971158	-2.86473007240009	0.00417364842311627	0.0821905956893623
ENSG00000136153	LMO7	3696.01783705819	-0.208637320728177	0.0728673104246037	-2.86324991978475	0.00419319676435859	0.0823237590657753
ENSG00000153048	CARHSP1	1800.45056809465	-0.287763246003997	0.100491202689653	-2.86356654415507	0.00418900814384964	0.0823237590657753
ENSG00000104221	BRF2	775.980386505426	-0.287842577808594	0.100608953285037	-2.86100360266251	0.00422302253123864	0.0825755987605476
ENSG00000076604	TRAF4	3390.78806700403	-0.245502785169367	0.0858657452266421	-2.85914696857709	0.00424781933724365	0.0828264942321141
ENSG00000135686	KLHL36	1576.15054087042	0.265418522716703	0.093056763896432	2.85222171503945	0.00434148075653123	0.0841785148367203
ENSG00000156414	TDRD9	2218.89910996697	-0.183381281944208	0.0643452573224375	-2.84995801672336	0.00437250002688287	0.0844252306445836
ENSG00000105835	NAMPT	4865.00250304903	0.170858353194629	0.0599376729471898	2.85060037858277	0.00436367744280558	0.0844252306445836
ENSG00000147894	C9orf72	815.773885381204	0.287483015031059	0.100889311666375	2.84948930944954	0.00437894773449392	0.0844319671815234
ENSG00000113638	TTC33	2382.45443006939	0.21392314573641	0.0750988730588366	2.8485533407247	0.00439184905555575	0.0844454976737691
ENSG00000174938	SEZ6L2	1097.32499718939	0.387562538179707	0.136145344591859	2.84668226696665	0.00441774312214348	0.0848255697405747
ENSG00000011304	PTBP1	7671.4163058538	-0.215361305467207	0.0757023390961528	-2.84484347562454	0.0044433251544754	0.0850807654751833
ENSG00000242294	STAG3L5P	2391.36474483883	-0.208846329906369	0.0734456005302186	-2.84355125968969	0.00446138324133907	0.0852760145654181
ENSG00000006125	AP2B1	6721.24827005913	-0.240880178869639	0.0847391383202515	-2.84260831115948	0.00447460242757329	0.0853256143351578
ENSG00000198018	ENTPD7	804.527205497963	0.268354965496434	0.0945926052931444	2.83695501001158	0.00455460294017884	0.0866125317360382
ENSG00000160818	GPATCH4	2055.74987979829	-0.206040554792999	0.0726623736580883	-2.83558799995332	0.00457414115662681	0.0866514321302046
ENSG00000203485	INF2	3675.09286382768	-0.220976074976399	0.0779931915956666	-2.83327391090733	0.00460738874334929	0.0866514321302046
ENSG00000141380	SS18	3479.07554444293	-0.236595689946397	0.0834194155361015	-2.83621850412037	0.00456512015925758	0.0866514321302046
ENSG00000187244	BCAM	913.505389422358	0.321673231383544	0.113549648823457	2.83288618429521	0.0046129807483358	0.0866514321302046
ENSG00000086967	MYBPC2	1886.26639905417	-0.342140226417656	0.12067221225741	-2.83528593714538	0.0045784686662936	0.0866514321302046
ENSG00000087842	PIR	3362.56406524637	0.285389733794278	0.100705091801292	2.83391563117187	0.00459814699032918	0.0866514321302046
ENSG00000182749	PAQR7	868.051141227017	0.289654958442146	0.102309008305467	2.83117746168857	0.00463769818011808	0.0869976878124047
ENSG00000182944	EWSR1	8048.13475558144	-0.133604066971619	0.04720053427444	-2.8305625990333	0.00464662174138015	0.0870471331362203
ENSG00000181754	AMIGO1	536.287919861763	0.260994431664413	0.092238568702348	2.82955856033106	0.00466122687883068	0.087085053860367
ENSG00000136783	NIPSNAP3A	963.737727895539	0.329332390247433	0.116430638658777	2.82857153444469	0.00467562504252008	0.0872363249173153
ENSG00000163291	PAQR3	925.629818251458	0.244777702871817	0.0865593080999116	2.82786113065137	0.00468601290976479	0.0873124666524681
ENSG00000122483	CCDC18	1324.90686703002	-0.268307800671567	0.0950817345210358	-2.82186480950457	0.00477452995388127	0.088578564981363
ENSG00000175390	EIF3F	1539.5133530851	0.24981131311411	0.0885376207234439	2.82152729057878	0.00477955706739946	0.088578564981363
ENSG00000003989	SLC7A2	17272.1179813489	0.194706605122906	0.0689901257784351	2.82223873236896	0.00476896621623919	0.088578564981363
ENSG00000012822	CALCOCO1	2870.86287048597	0.227399142712316	0.0806234529879953	2.82050860245561	0.0047947587899275	0.0887414982456635
ENSG00000040341	STAU2	1926.97614467373	-0.206859923989079	0.0733707308914486	-2.81937935571511	0.00481166148502179	0.0889354360462505
ENSG00000177706	FAM20C	717.332479976719	-0.305097482884095	0.108254977450581	-2.81832290827803	0.00482752330880246	0.0889909889308406
ENSG00000280606	EIF3F	1538.64467190824	0.249405788975299	0.088673011812258	2.81264596609565	0.00491357168564576	0.0899781566350263
ENSG00000164823	OSGIN2	1198.33560098535	0.242824495732181	0.0865551538521243	2.80543081405685	0.00502493676404729	0.0915331902124614
ENSG00000132541	RIDA	775.733826536694	0.277995097569638	0.0990812626776632	2.80572824827664	0.00502030117392126	0.0915331902124614
ENSG00000163382	NAXE	2558.29016719465	0.258957704707992	0.0923559893646455	2.80390807883135	0.00504872966949879	0.0918457471018939
ENSG00000128973	CLN6	1051.84266061827	-0.285516433278534	0.102051379108642	-2.7977714340791	0.00514565114610654	0.0932413540140039
ENSG00000119707	RBM25	6254.09110729397	-0.193532363249357	0.0692097588912812	-2.79631610266652	0.0051688817665947	0.0935370504062248
ENSG00000132182	NUP210	19729.1882039502	0.198239274271748	0.0709034710674402	2.79590366010702	0.00517548256364982	0.0935370504062248
ENSG00000130638	ATXN10	1512.14888672551	0.23912595995428	0.0855609831298459	2.79480145279988	0.00519315986003018	0.0937341657135043
ENSG00000109270	LAMTOR3	841.314431760816	0.280328171230063	0.100382906098304	2.792588719792	0.00522881265712312	0.0941322268208225
ENSG00000137460	FHDC1	539.374276454416	-0.269921617645999	0.0966872084376517	-2.79169935721183	0.00524320476093128	0.094268735987445
ENSG00000140479	PCSK6	1809.43489588339	-0.189563960551504	0.06793381232846	-2.79042135358107	0.00526394871080088	0.0945189441664428
ENSG00000137819	PAQR5	302.319762920381	0.46809534404025	0.167782468131576	2.78989425565708	0.00527252588733338	0.0945503217412478
ENSG00000124201	ZNFX1	2265.51558275216	0.166895914105091	0.059851340212712	2.78850755074059	0.00529515130612569	0.0945818043438256
ENSG00000100345	MYH9	29363.7181456089	-0.19909279383971	0.0713978878063033	-2.78849697038422	0.00529532427135823	0.0945818043438256
ENSG00000158106	RHPN1	3825.04828926362	0.259101467843266	0.0929208186462716	2.78841137667552	0.00529672372526581	0.0945818043438256
ENSG00000166788	SAAL1	795.560346777513	-0.269314742775189	0.0966157460879021	-2.7874829277845	0.00531192530820856	0.0946438789792012
ENSG00000144535	DIS3L2	943.197389146813	-0.277987926457176	0.0998686205390243	-2.78353625950556	0.00537698519715964	0.0954345936788181
ENSG00000073969	NSF	1056.03967341343	-0.232957353280761	0.0837198159105852	-2.78258320024933	0.00539280361983596	0.0955756647981286
ENSG00000013392	RWDD2A	323.817468992157	0.353183875217659	0.126990704531669	2.78117895731164	0.00541618714297431	0.0955816715254725
ENSG00000276262	NSF	1055.97491765649	-0.232554366571828	0.0836198871842704	-2.78108921696289	0.00541768461104802	0.0955816715254725
ENSG00000138768	USO1	5572.48156229647	0.233369024378186	0.0839787526545667	2.77890558029735	0.00545423764448906	0.0960667505729091
ENSG00000128283	CDC42EP1	1604.84294287684	-0.16564260636892	0.0596241995113957	-2.77811035999338	0.00546760445413811	0.0961798171068462
ENSG00000066735	KIF26A	2916.28270892464	-0.280742194818338	0.101082950382131	-2.77734468332225	0.00548050260167661	0.0962843629665114
ENSG00000162636	FAM102B	4212.30757307811	0.185452153430745	0.0667993632657342	2.77625630491414	0.00549888406364498	0.0964848554842854
ENSG00000138029	HADHB	3560.86265957133	0.226748858026607	0.0818042420790005	2.77184718376377	0.00557391970310749	0.097063326251346
ENSG00000096433	ITPR3	7775.84940779555	0.183311293739842	0.0661126055603991	2.7727131941937	0.00555910919278786	0.097063326251346
ENSG00000023697	DERA	1559.4989915051	0.237408618313465	0.085691346480768	2.77050866935259	0.00559688102687619	0.0972185959047352
ENSG00000059145	UNKL	2555.89710281037	-0.280163002468189	0.101174078826379	-2.76911839196446	0.00562082063314464	0.0974651626754827
ENSG00000072571	HMMR	3616.03920965939	-0.258376683308599	0.0933441209268649	-2.76800167748151	0.00564011653658721	0.0974803662078818
ENSG00000282880	B3GALNT2	912.660239112862	0.200305907833139	0.0723547714340027	2.76838560696505	0.00563347582206171	0.0974803662078818
ENSG00000105821	DNAJC2	2426.82797750294	-0.274456379279589	0.0991708308653361	-2.76751114097524	0.00564861147620061	0.0975049234008463
ENSG00000213551	DNAJC9	2114.19069093553	-0.189829644793157	0.0687167898085092	-2.76249291217109	0.00573618072008763	0.0986289875877505
ENSG00000136830	FAM129B	10853.2016740114	-0.256629208999497	0.0929091978876419	-2.76215073248019	0.00574219618576473	0.0986289875877505
ENSG00000162885	B3GALNT2	912.76983229312	0.19974673531415	0.0724651181392107	2.7564535937197	0.00584319034986674	0.099210256252118
ENSG00000165476	REEP3	2357.2691996162	0.333763147542969	0.121003136022455	2.75830163179434	0.00581025574935329	0.099210256252118
ENSG00000162063	CCNF	2563.94031682025	-0.217833932143013	0.0790658555507714	-2.75509485890699	0.00586751213904027	0.099210256252118
ENSG00000276293	PIP4K2B	1365.51694027056	0.295338450881019	0.107093826008684	2.75775422251765	0.00581999385347135	0.099210256252118
ENSG00000138433	CIR1	291.861560612637	-0.343648611069202	0.124703304284547	-2.75572979433701	0.0058561352556721	0.099210256252118
ENSG00000136527	TRA2B	7956.64920112288	-0.136273361920013	0.0494383226955661	-2.75643174140765	0.0058435807930914	0.099210256252118
ENSG00000175283	DOLK	1078.71722719847	-0.315704412191653	0.114588188377828	-2.75512176831604	0.0058670295675766	0.099210256252118
ENSG00000277292	PIP4K2B	1365.10715496909	0.29542665887729	0.107081543324723	2.758894294056	0.00579972918418146	0.099210256252118
ENSG00000088876	ZNF343	556.438009885764	-0.332231283365186	0.120770678737354	-2.75092668881747	0.00594269412399399	0.0997220090334216
ENSG00000161513	FDXR	680.432671090054	0.292408745235439	0.106359710370372	2.74924352668125	0.00597329886400579	0.0999931674405031
